run_id,fast_period,slow_period,crossover_threshold_pips,stop_loss_pips,take_profit_pips,trailing_stop_activation_pips,trailing_stop_distance_pips,dmi_enabled,dmi_period,stoch_enabled,stoch_period_k,stoch_period_d,stoch_bullish_threshold,stoch_bearish_threshold,total_pnl,sharpe_ratio,win_rate,max_drawdown,trade_count,avg_winner,avg_loser,profit_factor,expectancy,rejected_signals_count,status,error_message,backtest_duration_seconds,output_directory,consecutive_losses,objective_value,rank
97,40,250,0.5,25,50,20,15,True,14,True,14,3,30,70,6279.84,0.34442895654303674,0.4489795918367347,0.0,49,1189.64,-255.54,0.0,128.16000000000003,543,completed,,22.498119115829468,logs\backtest_results\EUR-USD_20251022_091312_229813,4,0.34442895654303674,1
125,50,250,2.0,25,50,20,15,True,14,True,14,3,30,70,4840.14,0.321297419563232,0.425,0.0,40,1189.64,-255.55,0.0,121.0035,638,completed,,18.37373948097229,logs\backtest_results\EUR-USD_20251022_091417_387332,3,0.321297419563232,2
121,50,250,0.0,25,50,20,15,True,14,True,14,3,30,70,5053.2,0.32119229606688005,0.4186046511627907,0.0,43,1189.64,-255.54,0.0,117.5162790697675,452,completed,,18.97945475578308,logs\backtest_results\EUR-USD_20251022_091416_337668,5,0.32119229606688005,3
124,50,250,1.5,25,50,20,15,True,14,True,14,3,30,70,5035.94,0.3182175652096536,0.4186046511627907,0.0,43,1189.64,-255.55,0.0,117.11488372093028,566,completed,,18.691372632980347,logs\backtest_results\EUR-USD_20251022_091416_632943,4,0.3182175652096536,4
96,40,250,0.0,25,50,20,15,True,14,True,14,3,30,70,5904.35,0.3180975872897394,0.43137254901960786,0.0,51,1189.64,-255.7,0.0,115.77156862745107,469,completed,,24.01161217689514,logs\backtest_results\EUR-USD_20251022_091312_533716,5,0.3180975872897394,5
123,50,250,1.0,25,50,20,15,True,14,True,14,3,30,70,4768.93,0.31774201769793253,0.4146341463414634,0.0,41,1189.64,-255.55,0.0,116.31536585365852,554,completed,,18.776065349578857,logs\backtest_results\EUR-USD_20251022_091416_341940,4,0.31774201769793253,6
98,40,250,1.0,25,50,20,15,True,14,True,14,3,30,70,5491.66,0.3030357473545512,0.42857142857142855,0.0,49,1189.64,-255.55,0.0,112.07469387755101,584,completed,,22.866827487945557,logs\backtest_results\EUR-USD_20251022_091313_241386,4,0.3030357473545512,7
99,40,250,1.5,25,50,20,15,True,14,True,14,3,30,70,5356.13,0.2928465807130313,0.42,0.0,50,1189.64,-255.55,0.0,107.12259999999993,646,completed,,22.991132497787476,logs\backtest_results\EUR-USD_20251022_091332_687552,4,0.2928465807130313,8
122,50,250,0.5,25,50,20,15,True,14,True,14,3,30,70,4195.11,0.28904692569829954,0.4,0.0,40,1189.64,-255.55,0.0,104.87775000000008,476,completed,,18.675215005874634,logs\backtest_results\EUR-USD_20251022_091416_052978,5,0.28904692569829954,9
100,40,250,2.0,25,50,20,15,True,14,True,14,3,30,70,4969.21,0.2820867503108996,0.4166666666666667,0.0,48,1189.64,-255.55,0.0,103.52520833333334,711,completed,,22.78559970855713,logs\backtest_results\EUR-USD_20251022_091333_522744,6,0.2820867503108996,10
72,30,250,0.5,25,50,20,15,True,14,True,14,3,30,70,2369.66,0.15073374132477632,0.34615384615384615,0.0,52,535.8,-255.7,0.0,45.5703846153846,576,completed,,20.301693439483643,logs\backtest_results\EUR-USD_20251022_091205_175860,9,0.15073374132477632,11
71,30,250,0.0,25,50,20,15,True,14,True,14,3,30,70,2380.82,0.14397929969601306,0.34545454545454546,0.0,55,532.87,-255.7,0.0,43.28763636363638,512,completed,,20.274772882461548,logs\backtest_results\EUR-USD_20251022_091205_054778,8,0.14397929969601306,12
117,50,200,0.5,25,50,20,15,True,14,True,14,3,30,70,2447.36,0.14158946406341785,0.33962264150943394,0.0,53,799.64,-255.71,0.0,46.1766037735849,645,completed,,23.228584051132202,logs\backtest_results\EUR-USD_20251022_091358_638549,5,0.14158946406341785,13
73,30,250,1.0,25,50,20,15,True,14,True,14,3,30,70,1583.49,0.10594346788451792,0.3269230769230769,0.0,52,535.8,-255.7,0.0,30.45173076923075,616,completed,,19.99903702735901,logs\backtest_results\EUR-USD_20251022_091207_042420,9,0.10594346788451792,14
116,50,200,0.0,25,50,20,15,True,14,True,14,3,30,70,1848.01,0.10504769873293317,0.32142857142857145,0.0,56,894.64,-255.71,0.0,33.00017857142856,550,completed,,23.664374351501465,logs\backtest_results\EUR-USD_20251022_091357_718401,6,0.10504769873293317,15
21,10,250,0.0,25,50,20,15,True,14,True,14,3,30,70,2138.34,0.0980559591692837,0.32432432432432434,0.0,74,666.43,-255.71,0.0,28.89648648648651,425,completed,,22.63963270187378,logs\backtest_results\EUR-USD_20251022_090958_000267,8,0.0980559591692837,16
50,20,250,2.0,25,50,20,15,True,14,True,14,3,30,70,1342.94,0.09164676544128332,0.3333333333333333,0.0,54,666.43,-255.71,0.0,24.869259259259223,652,completed,,20.487617015838623,logs\backtest_results\EUR-USD_20251022_091122_365593,8,0.09164676544128332,17
74,30,250,1.5,25,50,20,15,True,14,True,14,3,30,70,1134.16,0.0891409563198491,0.3191489361702128,0.0,47,535.8,-255.7,0.0,24.13106382978725,640,completed,,19.83806586265564,logs\backtest_results\EUR-USD_20251022_091207_061835,8,0.0891409563198491,18
75,30,250,2.0,25,50,20,15,True,14,True,14,3,30,70,958.74,0.07739715579495499,0.3191489361702128,0.0,47,571.83,-255.7,0.0,20.39872340425532,659,completed,,19.83043670654297,logs\backtest_results\EUR-USD_20251022_091224_284781,8,0.07739715579495499,19
118,50,200,1.0,25,50,20,15,True,14,True,14,3,30,70,1003.07,0.07027792481928946,0.3125,0.0,48,799.64,-255.64,0.0,20.89729166666666,739,completed,,22.945555925369263,logs\backtest_results\EUR-USD_20251022_091358_518373,5,0.07027792481928946,20
23,10,250,1.0,25,50,20,15,True,14,True,14,3,30,70,1017.03,0.06030271848631959,0.3150684931506849,0.0,73,666.43,-255.71,0.0,13.931917808219168,499,completed,,22.260716676712036,logs\backtest_results\EUR-USD_20251022_090957_770959,9,0.06030271848631959,21
22,10,250,0.5,25,50,20,15,True,14,True,14,3,30,70,963.14,0.059920703629075346,0.3108108108108108,0.0,74,666.43,-255.71,0.0,13.015405405405431,464,completed,,22.109374523162842,logs\backtest_results\EUR-USD_20251022_090957_602356,10,0.059920703629075346,22
94,40,200,1.5,25,50,20,15,True,14,True,14,3,30,70,572.7,0.04637251766059693,0.3103448275862069,0.0,58,666.43,-255.71,0.0,9.874137931034511,648,completed,,22.834113359451294,logs\backtest_results\EUR-USD_20251022_091311_083850,8,0.04637251766059693,23
78,40,50,1.0,25,50,20,15,True,14,True,14,3,30,70,980.08,0.04212298934370563,0.3282442748091603,0.0,131,670.38,-255.7,0.0,7.481526717557216,2684,completed,,20.819151163101196,logs\backtest_results\EUR-USD_20251022_091225_789917,9,0.04212298934370563,24
119,50,200,1.5,25,50,20,15,True,14,True,14,3,30,70,469.68,0.04044335033465145,0.2978723404255319,0.0,47,799.64,-255.64,0.0,9.99319148936172,769,completed,,23.13309597969055,logs\backtest_results\EUR-USD_20251022_091359_360048,5,0.04044335033465145,25
90,40,150,2.0,25,50,20,15,True,14,True,14,3,30,70,383.42,0.03768108884511131,0.31343283582089554,0.0,67,544.51,-255.71,0.0,5.722686567164203,1019,completed,,22.59451699256897,logs\backtest_results\EUR-USD_20251022_091250_281094,8,0.03768108884511131,26
95,40,200,2.0,25,50,20,15,True,14,True,14,3,30,70,331.75,0.03223895285062182,0.3050847457627119,0.0,59,666.43,-255.71,0.0,5.622881355932236,694,completed,,22.633035898208618,logs\backtest_results\EUR-USD_20251022_091311_048351,6,0.03223895285062182,27
51,30,50,0.0,25,50,20,15,True,14,True,14,3,30,70,222.05,0.027271423599023657,0.296551724137931,0.0,145,670.38,-255.69,0.0,1.5313793103447892,1686,completed,,21.50575566291809,logs\backtest_results\EUR-USD_20251022_091123_366716,12,0.027271423599023657,28
91,40,200,0.0,25,50,20,15,True,14,True,14,3,30,70,183.59,0.026524114004636473,0.29508196721311475,0.0,61,666.43,-255.71,0.0,3.009672131147539,435,completed,,23.587836980819702,logs\backtest_results\EUR-USD_20251022_091309_606756,10,0.026524114004636473,29
12,10,150,0.5,25,50,20,15,True,14,True,14,3,30,70,-847.14,0.026181346599668982,0.26595744680851063,0.0,94,577.41,-255.7,0.0,-9.012127659574503,590,completed,,21.21891975402832,logs\backtest_results\EUR-USD_20251022_090935_252225,13,0.026181346599668982,30
54,30,50,1.5,25,50,20,15,True,14,True,14,3,30,70,199.16,0.024891173231735574,0.3181818181818182,0.0,132,670.38,-255.7,0.0,1.5087878787878708,2394,completed,,20.91633677482605,logs\backtest_results\EUR-USD_20251022_091123_196266,10,0.024891173231735574,31
45,20,200,2.0,25,50,20,15,True,14,True,14,3,30,70,231.28,0.023874895827475366,0.3064516129032258,0.0,62,615.4,-255.71,0.0,3.7303225806451508,793,completed,,20.27387046813965,logs\backtest_results\EUR-USD_20251022_091102_298598,8,0.023874895827475366,32
67,30,200,0.5,25,50,20,15,True,14,True,14,3,30,70,-90.51,0.021597788405529138,0.296875,0.0,64,615.4,-255.71,0.0,-1.414218749999975,570,completed,,20.131744861602783,logs\backtest_results\EUR-USD_20251022_091204_377682,11,0.021597788405529138,33
24,10,250,1.5,25,50,20,15,True,14,True,14,3,30,70,2.07,0.019372682351514462,0.2898550724637681,0.0,69,666.43,-255.71,0.0,0.03000000000002956,503,completed,,22.089489698410034,logs\backtest_results\EUR-USD_20251022_090957_796040,10,0.019372682351514462,34
48,20,250,1.0,25,50,20,15,True,14,True,14,3,30,70,-166.97,0.01737983170334975,0.288135593220339,0.0,59,666.43,-255.71,0.0,-2.8300000000000125,550,completed,,20.18742823600769,logs\backtest_results\EUR-USD_20251022_091102_436625,10,0.01737983170334975,35
93,40,200,1.0,25,50,20,15,True,14,True,14,3,30,70,-3.57,0.016662420325950392,0.3,0.0,60,666.43,-255.71,0.0,-0.0595000000000141,533,completed,,22.92043662071228,logs\backtest_results\EUR-USD_20251022_091311_022802,8,0.016662420325950392,36
70,30,200,2.0,25,50,20,15,True,14,True,14,3,30,70,-184.79,0.013982343123049999,0.3,0.0,60,666.43,-255.71,0.0,-3.0798333333333687,757,completed,,20.222914457321167,logs\backtest_results\EUR-USD_20251022_091204_885587,11,0.013982343123049999,37
44,20,200,1.5,25,50,20,15,True,14,True,14,3,30,70,57.41,0.01299883138043467,0.30303030303030304,0.0,66,615.4,-255.71,0.0,0.8698484848484611,701,completed,,20.19837260246277,logs\backtest_results\EUR-USD_20251022_091102_172382,8,0.01299883138043467,38
25,10,250,2.0,25,50,20,15,True,14,True,14,3,30,70,-227.53,0.011748649069380635,0.2835820895522388,0.0,67,666.43,-255.71,0.0,-3.395970149253742,543,completed,,23.093273878097534,logs\backtest_results\EUR-USD_20251022_091020_282423,12,0.011748649069380635,39
60,30,100,2.0,25,50,20,15,True,14,True,14,3,30,70,-558.11,0.009036420028503743,0.2826086956521739,0.0,92,615.47,-255.71,0.0,-6.06641304347832,1301,completed,,20.64063811302185,logs\backtest_results\EUR-USD_20251022_091144_169960,7,0.009036420028503743,40
53,30,50,1.0,25,50,20,15,True,14,True,14,3,30,70,-720.57,0.007291172247281519,0.29927007299270075,0.0,137,670.38,-255.7,0.0,-5.259635036496334,2193,completed,,21.471677780151367,logs\backtest_results\EUR-USD_20251022_091123_722397,9,0.007291172247281519,41
47,20,250,0.5,25,50,20,15,True,14,True,14,3,30,70,-424.8,0.00620813777304759,0.2833333333333333,0.0,60,666.43,-255.71,0.0,-7.080000000000041,497,completed,,20.10694932937622,logs\backtest_results\EUR-USD_20251022_091102_342169,10,0.00620813777304759,42
15,10,150,2.0,25,50,20,15,True,14,True,14,3,30,70,-1447.56,0.004978049938489847,0.2631578947368421,0.0,95,615.4,-255.7,0.0,-15.237473684210556,844,completed,,21.135094165802002,logs\backtest_results\EUR-USD_20251022_090935_398398,9,0.004978049938489847,43
11,10,150,0.0,25,50,20,15,True,14,True,14,3,30,70,-1543.42,0.004690944840914555,0.2553191489361702,0.0,94,577.41,-255.7,0.0,-16.419361702127674,577,completed,,20.889662981033325,logs\backtest_results\EUR-USD_20251022_090934_748133,13,0.004690944840914555,44
14,10,150,1.5,25,50,20,15,True,14,True,14,3,30,70,-1391.08,0.004119654642955623,0.2631578947368421,0.0,95,615.4,-255.7,0.0,-14.64294736842109,757,completed,,21.09059429168701,logs\backtest_results\EUR-USD_20251022_090935_259368,11,0.004119654642955623,45
77,40,50,0.5,25,50,20,15,True,14,True,14,3,30,70,-259.54,0.003680636185653173,0.32432432432432434,0.0,148,670.38,-255.7,0.0,-1.7536486486486353,2212,completed,,21.35016965866089,logs\backtest_results\EUR-USD_20251022_091226_077484,7,0.003680636185653173,46
55,30,50,2.0,25,50,20,15,True,14,True,14,3,30,70,-781.05,0.003352665533650484,0.3115942028985507,0.0,138,670.38,-255.7,0.0,-5.659782608695679,2612,completed,,21.659902334213257,logs\backtest_results\EUR-USD_20251022_091123_941000,10,0.003352665533650484,47
52,30,50,0.5,25,50,20,15,True,14,True,14,3,30,70,-903.29,0.0023058495296296474,0.2978723404255319,0.0,141,670.38,-255.69,0.0,-6.406312056737619,1889,completed,,21.853262662887573,logs\backtest_results\EUR-USD_20251022_091123_952884,10,0.0023058495296296474,48
13,10,150,1.0,25,50,20,15,True,14,True,14,3,30,70,-1507.37,-0.0003944615804687902,0.2631578947368421,0.0,95,577.41,-255.7,0.0,-15.867052631578986,672,completed,,20.99295210838318,logs\backtest_results\EUR-USD_20251022_090935_107332,11,-0.0003944615804687902,49
30,20,50,2.0,25,50,20,15,True,14,True,14,3,30,70,-1145.54,-0.011250341888988487,0.3,0.0,140,584.87,-255.72,0.0,-8.182428571428588,2141,completed,,23.787753582000732,logs\backtest_results\EUR-USD_20251022_091021_320848,7,-0.011250341888988487,50
92,40,200,0.5,25,50,20,15,True,14,True,14,3,30,70,-643.47,-0.013351308165186575,0.2786885245901639,0.0,61,666.43,-255.71,0.0,-10.548688524590204,482,completed,,22.62396478652954,logs\backtest_results\EUR-USD_20251022_091310_704107,10,-0.013351308165186575,51
29,20,50,1.5,25,50,20,15,True,14,True,14,3,30,70,-1404.09,-0.016366354698077817,0.29931972789115646,0.0,147,584.87,-255.72,0.0,-9.551632653061247,1913,completed,,23.86481547355652,logs\backtest_results\EUR-USD_20251022_091021_390841,7,-0.016366354698077817,52
80,40,50,2.0,25,50,20,15,True,14,True,14,3,30,70,-1570.21,-0.01810494514200285,0.2857142857142857,0.0,98,670.38,-255.71,0.0,-16.022551020408173,3616,completed,,20.870342016220093,logs\backtest_results\EUR-USD_20251022_091225_956298,14,-0.01810494514200285,53
1,10,50,0.0,25,50,20,15,True,14,True,14,3,30,70,-1366.02,-0.019470720542515772,0.3157894736842105,0.0,171,600.53,-255.72,0.0,-7.988421052631622,1353,completed,,18.79922580718994,logs\backtest_results\EUR-USD_20251022_090913_765694,9,-0.019470720542515772,54
79,40,50,1.5,25,50,20,15,True,14,True,14,3,30,70,-1998.52,-0.019551295903105493,0.2857142857142857,0.0,119,670.38,-255.7,0.0,-16.794285714285706,3089,completed,,21.061060667037964,logs\backtest_results\EUR-USD_20251022_091226_071549,9,-0.019551295903105493,55
69,30,200,1.5,25,50,20,15,True,14,True,14,3,30,70,-986.89,-0.02298893942359521,0.2833333333333333,0.0,60,615.4,-255.71,0.0,-16.44816666666665,705,completed,,20.552233695983887,logs\backtest_results\EUR-USD_20251022_091205_147715,11,-0.02298893942359521,56
57,30,100,0.5,25,50,20,15,True,14,True,14,3,30,70,-1789.94,-0.026030781382764188,0.29,0.0,100,615.47,-255.71,0.0,-17.899399999999986,962,completed,,21.00058341026306,logs\backtest_results\EUR-USD_20251022_091125_878133,14,-0.026030781382764188,57
43,20,200,1.0,25,50,20,15,True,14,True,14,3,30,70,-804.91,-0.02694921243473169,0.28125,0.0,64,615.4,-255.71,0.0,-12.576718749999998,670,completed,,20.036925792694092,logs\backtest_results\EUR-USD_20251022_091101_859132,9,-0.02694921243473169,58
40,20,150,2.0,25,50,20,15,True,14,True,14,3,30,70,-889.07,-0.029069636143420008,0.2702702702702703,0.0,74,615.4,-255.69,0.0,-12.01445945945946,1042,completed,,20.162538290023804,logs\backtest_results\EUR-USD_20251022_091042_070444,9,-0.029069636143420008,59
19,10,200,1.5,25,50,20,15,True,14,True,14,3,30,70,-2455.94,-0.02922064561452103,0.25,0.0,76,615.4,-255.71,0.0,-32.315,541,completed,,22.032193660736084,logs\backtest_results\EUR-USD_20251022_090957_363752,12,-0.02922064561452103,60
88,40,150,1.0,25,50,20,15,True,14,True,14,3,30,70,-1146.9,-0.030414304524124466,0.2753623188405797,0.0,69,544.51,-255.7,0.0,-16.621739130434747,884,completed,,22.145498514175415,logs\backtest_results\EUR-USD_20251022_091248_028268,9,-0.030414304524124466,61
2,10,50,0.5,25,50,20,15,True,14,True,14,3,30,70,-1977.35,-0.03083644685632585,0.29651162790697677,0.0,172,606.86,-255.72,0.0,-11.496220930232539,1434,completed,,18.85386300086975,logs\backtest_results\EUR-USD_20251022_090913_820420,10,-0.03083644685632585,62
27,20,50,0.5,25,50,20,15,True,14,True,14,3,30,70,-2346.23,-0.03709439572684735,0.3051948051948052,0.0,154,606.86,-255.71,0.0,-15.235259740259792,1670,completed,,23.82889699935913,logs\backtest_results\EUR-USD_20251022_091021_043252,7,-0.03709439572684735,63
68,30,200,1.0,25,50,20,15,True,14,True,14,3,30,70,-1358.32,-0.03713902478448205,0.2786885245901639,0.0,61,615.4,-255.71,0.0,-22.267540983606523,655,completed,,20.305896759033203,logs\backtest_results\EUR-USD_20251022_091204_760777,13,-0.03713902478448205,64
9,10,100,1.5,25,50,20,15,True,14,True,14,3,30,70,-2257.47,-0.03775575504198799,0.2962962962962963,0.0,135,607.49,-255.72,0.0,-16.72200000000001,965,completed,,21.513044595718384,logs\backtest_results\EUR-USD_20251022_090935_119985,8,-0.03775575504198799,65
59,30,100,1.5,25,50,20,15,True,14,True,14,3,30,70,-1891.94,-0.038251257072326204,0.2826086956521739,0.0,92,615.47,-255.71,0.0,-20.564565217391362,1200,completed,,21.201793670654297,logs\backtest_results\EUR-USD_20251022_091144_479184,7,-0.038251257072326204,66
89,40,150,1.5,25,50,20,15,True,14,True,14,3,30,70,-1399.59,-0.041320108642496835,0.2714285714285714,0.0,70,544.51,-255.7,0.0,-19.99414285714286,940,completed,,22.319414138793945,logs\backtest_results\EUR-USD_20251022_091249_546530,9,-0.041320108642496835,67
28,20,50,1.0,25,50,20,15,True,14,True,14,3,30,70,-2440.81,-0.04265429597813239,0.29931972789115646,0.0,147,606.86,-255.72,0.0,-16.604149659863964,1813,completed,,24.117847681045532,logs\backtest_results\EUR-USD_20251022_091021_454821,8,-0.04265429597813239,68
7,10,100,0.5,25,50,20,15,True,14,True,14,3,30,70,-2531.87,-0.04418505576675077,0.28776978417266186,0.0,139,607.49,-255.71,0.0,-18.214892086330906,812,completed,,18.529757738113403,logs\backtest_results\EUR-USD_20251022_090913_720914,9,-0.04418505576675077,69
6,10,100,0.0,25,50,20,15,True,14,True,14,3,30,70,-2638.04,-0.04470654139402876,0.27972027972027974,0.0,143,607.49,-255.71,0.0,-18.447832167832146,746,completed,,18.45461916923523,logs\backtest_results\EUR-USD_20251022_090913_607094,9,-0.04470654139402876,70
76,40,50,0.0,25,50,20,15,True,14,True,14,3,30,70,-2561.04,-0.04538150701634898,0.2857142857142857,0.0,161,670.38,-255.7,0.0,-15.90708074534163,1917,completed,,21.221549034118652,logs\backtest_results\EUR-USD_20251022_091225_756839,10,-0.04538150701634898,71
58,30,100,1.0,25,50,20,15,True,14,True,14,3,30,70,-2192.8,-0.04608400522073387,0.2736842105263158,0.0,95,615.47,-255.71,0.0,-23.0821052631579,1126,completed,,21.31594467163086,logs\backtest_results\EUR-USD_20251022_091143_608887,8,-0.04608400522073387,72
106,50,100,0.0,25,50,20,15,True,14,True,14,3,30,70,-2409.52,-0.04775393525173782,0.25301204819277107,0.0,83,607.49,-255.7,0.0,-29.030361445783157,1337,completed,,22.649873733520508,logs\backtest_results\EUR-USD_20251022_091333_622161,12,-0.04775393525173782,73
39,20,150,1.5,25,50,20,15,True,14,True,14,3,30,70,-1561.66,-0.04798552621395721,0.26582278481012656,0.0,79,547.52,-255.69,0.0,-19.767848101265855,919,completed,,20.293587684631348,logs\backtest_results\EUR-USD_20251022_091042_192790,10,-0.04798552621395721,74
18,10,200,1.0,25,50,20,15,True,14,True,14,3,30,70,-2954.83,-0.05002422165209292,0.23684210526315788,0.0,76,615.4,-255.71,0.0,-38.879342105263134,511,completed,,22.189879179000854,logs\backtest_results\EUR-USD_20251022_090957_374303,11,-0.05002422165209292,75
85,40,100,2.0,25,50,20,15,True,14,True,14,3,30,70,-2502.11,-0.05268683017320151,0.24705882352941178,0.0,85,545.51,-255.7,0.0,-29.436588235294124,1550,completed,,22.05229663848877,logs\backtest_results\EUR-USD_20251022_091247_509409,17,-0.05268683017320151,76
108,50,100,1.0,25,50,20,15,True,14,True,14,3,30,70,-2483.03,-0.05512244418985599,0.2564102564102564,0.0,78,607.49,-255.7,0.0,-31.833717948717947,1480,completed,,22.53394913673401,logs\backtest_results\EUR-USD_20251022_091333_601540,6,-0.05512244418985599,77
86,40,150,0.0,25,50,20,15,True,14,True,14,3,30,70,-1767.17,-0.05888045878028586,0.2571428571428571,0.0,70,544.51,-255.7,0.0,-25.245285714285714,761,completed,,22.073636531829834,logs\backtest_results\EUR-USD_20251022_091247_691348,9,-0.05888045878028586,78
4,10,50,1.5,25,50,20,15,True,14,True,14,3,30,70,-3563.98,-0.06013581704675167,0.28402366863905326,0.0,169,606.86,-255.72,0.0,-21.08863905325441,1660,completed,,18.994605541229248,logs\backtest_results\EUR-USD_20251022_090913_999632,11,-0.06013581704675167,79
3,10,50,1.0,25,50,20,15,True,14,True,14,3,30,70,-3067.91,-0.06016062961450902,0.2857142857142857,0.0,175,606.86,-255.72,0.0,-17.53091428571433,1581,completed,,19.20347499847412,logs\backtest_results\EUR-USD_20251022_090914_186956,10,-0.06016062961450902,80
17,10,200,0.5,25,50,20,15,True,14,True,14,3,30,70,-3269.83,-0.0608938050339808,0.23076923076923078,0.0,78,615.4,-255.71,0.0,-41.920897435897416,477,completed,,23.049801349639893,logs\backtest_results\EUR-USD_20251022_090957_805022,12,-0.0608938050339808,81
42,20,200,0.5,25,50,20,15,True,14,True,14,3,30,70,-1465.88,-0.06152767095746604,0.265625,0.0,64,615.4,-255.71,0.0,-22.904374999999987,621,completed,,20.228765964508057,logs\backtest_results\EUR-USD_20251022_091102_004031,9,-0.06152767095746604,82
46,20,250,0.0,25,50,20,15,True,14,True,14,3,30,70,-1789.51,-0.062627997351972,0.25396825396825395,0.0,63,666.43,-255.71,0.0,-28.40492063492067,403,completed,,20.344629049301147,logs\backtest_results\EUR-USD_20251022_091102_470228,10,-0.062627997351972,83
61,30,150,0.0,25,50,20,15,True,14,True,14,3,30,70,-1536.11,-0.06417941308935111,0.2647058823529412,0.0,68,547.52,-255.71,0.0,-22.58985294117646,684,completed,,20.992125272750854,logs\backtest_results\EUR-USD_20251022_091144_624976,11,-0.06417941308935111,84
5,10,50,2.0,25,50,20,15,True,14,True,14,3,30,70,-3740.79,-0.06915226775886227,0.29559748427672955,0.0,159,606.86,-255.72,0.0,-23.526981132075477,1754,completed,,18.896565675735474,logs\backtest_results\EUR-USD_20251022_090914_009009,11,-0.06915226775886227,85
41,20,200,0.0,25,50,20,15,True,14,True,14,3,30,70,-1671.12,-0.07123505736200768,0.25757575757575757,0.0,66,615.4,-255.69,0.0,-25.319999999999993,572,completed,,20.557608366012573,logs\backtest_results\EUR-USD_20251022_091101_320628,9,-0.07123505736200768,86
62,30,150,0.5,25,50,20,15,True,14,True,14,3,30,70,-1613.84,-0.0715836630351427,0.2537313432835821,0.0,67,547.52,-255.71,0.0,-24.087164179104434,745,completed,,20.50693678855896,logs\backtest_results\EUR-USD_20251022_091144_405907,11,-0.0715836630351427,87
10,10,100,2.0,25,50,20,15,True,14,True,14,3,30,70,-3747.88,-0.07294896355595491,0.27611940298507465,0.0,134,606.86,-255.72,0.0,-27.969253731343258,1059,completed,,21.67110586166382,logs\backtest_results\EUR-USD_20251022_090935_284096,8,-0.07294896355595491,88
84,40,100,1.5,25,50,20,15,True,14,True,14,3,30,70,-3131.63,-0.07454086137646836,0.23863636363636365,0.0,88,545.51,-255.7,0.0,-35.58670454545454,1406,completed,,22.56775999069214,logs\backtest_results\EUR-USD_20251022_091248_094078,18,-0.07454086137646836,89
8,10,100,1.0,25,50,20,15,True,14,True,14,3,30,70,-3985.66,-0.07600288447996723,0.2765957446808511,0.0,141,607.49,-255.72,0.0,-28.267092198581565,879,completed,,18.379599571228027,logs\backtest_results\EUR-USD_20251022_090913_597750,9,-0.07600288447996723,90
107,50,100,0.5,25,50,20,15,True,14,True,14,3,30,70,-2924.33,-0.07601992595108,0.25,0.0,76,607.49,-255.7,0.0,-38.47802631578948,1406,completed,,22.896212339401245,logs\backtest_results\EUR-USD_20251022_091333_916650,12,-0.07601992595108,91
110,50,100,2.0,25,50,20,15,True,14,True,14,3,30,70,-3026.62,-0.07629695188742032,0.23376623376623376,0.0,77,607.49,-255.7,0.0,-39.30675324675329,1771,completed,,22.93079137802124,logs\backtest_results\EUR-USD_20251022_091335_274858,9,-0.07629695188742032,92
38,20,150,1.0,25,50,20,15,True,14,True,14,3,30,70,-2035.27,-0.0764199678293887,0.25,0.0,84,560.83,-255.69,0.0,-24.22940476190476,804,completed,,20.134507417678833,logs\backtest_results\EUR-USD_20251022_091041_943352,10,-0.0764199678293887,93
87,40,150,0.5,25,50,20,15,True,14,True,14,3,30,70,-2129.07,-0.0766355322639807,0.2571428571428571,0.0,70,544.51,-255.7,0.0,-30.41528571428573,861,completed,,22.014107704162598,logs\backtest_results\EUR-USD_20251022_091247_863606,9,-0.0766355322639807,94
26,20,50,0.0,25,50,20,15,True,14,True,14,3,30,70,-4112.63,-0.08124443152394954,0.28846153846153844,0.0,156,606.86,-255.72,0.0,-26.36301282051282,1517,completed,,24.137024641036987,logs\backtest_results\EUR-USD_20251022_091021_260569,8,-0.08124443152394954,95
56,30,100,0.0,25,50,20,15,True,14,True,14,3,30,70,-3045.53,-0.08234124290046492,0.2692307692307692,0.0,104,615.47,-255.71,0.0,-29.283942307692357,873,completed,,21.08991003036499,logs\backtest_results\EUR-USD_20251022_091123_535844,13,-0.08234124290046492,96
82,40,100,0.5,25,50,20,15,True,14,True,14,3,30,70,-3655.75,-0.08509562053563559,0.24742268041237114,0.0,97,545.51,-255.7,0.0,-37.6881443298969,1177,completed,,20.36331033706665,logs\backtest_results\EUR-USD_20251022_091227_359356,19,-0.08509562053563559,97
109,50,100,1.5,25,50,20,15,True,14,True,14,3,30,70,-3246.23,-0.0859926375182102,0.22784810126582278,0.0,79,607.49,-255.7,0.0,-41.09151898734183,1565,completed,,23.106817483901978,logs\backtest_results\EUR-USD_20251022_091335_111037,8,-0.0859926375182102,98
83,40,100,1.0,25,50,20,15,True,14,True,14,3,30,70,-3710.9,-0.08978699610341555,0.24210526315789474,0.0,95,545.51,-255.7,0.0,-39.06210526315792,1286,completed,,21.725562572479248,logs\backtest_results\EUR-USD_20251022_091245_907048,18,-0.08978699610341555,99
16,10,200,0.0,25,50,20,15,True,14,True,14,3,30,70,-4241.7,-0.09990506154057434,0.21518987341772153,0.0,79,615.4,-255.71,0.0,-53.69240506329113,451,completed,,21.170084476470947,logs\backtest_results\EUR-USD_20251022_090935_681174,12,-0.09990506154057434,100
34,20,100,1.5,25,50,20,15,True,14,True,14,3,30,70,-3587.76,-0.10417422657463728,0.25,0.0,96,560.44,-255.7,0.0,-37.37249999999999,1164,completed,,20.34760069847107,logs\backtest_results\EUR-USD_20251022_091041_626982,12,-0.10417422657463728,101
81,40,100,0.0,25,50,20,15,True,14,True,14,3,30,70,-4272.28,-0.10534245101224639,0.24489795918367346,0.0,98,607.49,-255.7,0.0,-43.59469387755104,1082,completed,,20.90118145942688,logs\backtest_results\EUR-USD_20251022_091227_871484,19,-0.10534245101224639,102
20,10,200,2.0,25,50,20,15,True,14,True,14,3,30,70,-3129.65,-0.10821869188085607,0.2361111111111111,0.0,72,615.4,-255.71,0.0,-43.46736111111103,618,completed,,22.112226009368896,logs\backtest_results\EUR-USD_20251022_090957_476616,13,-0.10821869188085607,103
35,20,100,2.0,25,50,20,15,True,14,True,14,3,30,70,-4024.1,-0.11775304271120644,0.24489795918367346,0.0,98,560.44,-255.72,0.0,-41.06224489795922,1232,completed,,20.247108459472656,logs\backtest_results\EUR-USD_20251022_091041_683848,12,-0.11775304271120644,104
65,30,150,2.0,25,50,20,15,True,14,True,14,3,30,70,-3140.54,-0.1272226396077293,0.24285714285714285,0.0,70,547.52,-255.69,0.0,-44.86485714285715,1036,completed,,20.90882682800293,logs\backtest_results\EUR-USD_20251022_091146_935255,10,-0.1272226396077293,105
36,20,150,0.0,25,50,20,15,True,14,True,14,3,30,70,-3412.93,-0.1284544443503061,0.2261904761904762,0.0,84,615.47,-255.69,0.0,-40.63011904761905,688,completed,,20.31182599067688,logs\backtest_results\EUR-USD_20251022_091042_000937,10,-0.1284544443503061,106
32,20,100,0.5,25,50,20,15,True,14,True,14,3,30,70,-4860.98,-0.13596396927744106,0.25,0.0,108,560.44,-255.7,0.0,-45.00907407407405,965,completed,,23.1605703830719,logs\backtest_results\EUR-USD_20251022_091021_028690,15,-0.13596396927744106,107
33,20,100,1.0,25,50,20,15,True,14,True,14,3,30,70,-4758.0,-0.14183521873026597,0.24242424242424243,0.0,99,560.44,-255.7,0.0,-48.06060606060605,1109,completed,,20.13213562965393,logs\backtest_results\EUR-USD_20251022_091040_705553,14,-0.14183521873026597,108
37,20,150,0.5,25,50,20,15,True,14,True,14,3,30,70,-3917.29,-0.1446538159571263,0.22093023255813954,0.0,86,615.47,-255.69,0.0,-45.5498837209302,777,completed,,20.432241678237915,logs\backtest_results\EUR-USD_20251022_091042_192473,10,-0.1446538159571263,109
31,20,100,0.0,25,50,20,15,True,14,True,14,3,30,70,-5292.71,-0.14682927818377003,0.24545454545454545,0.0,110,560.44,-255.7,0.0,-48.11554545454547,927,completed,,23.88363814353943,logs\backtest_results\EUR-USD_20251022_091021_603625,15,-0.14682927818377003,110
64,30,150,1.5,25,50,20,15,True,14,True,14,3,30,70,-3614.52,-0.14890868499334925,0.22857142857142856,0.0,70,547.52,-255.67,0.0,-51.635999999999996,932,completed,,20.623618841171265,logs\backtest_results\EUR-USD_20251022_091144_769657,13,-0.14890868499334925,111
63,30,150,1.0,25,50,20,15,True,14,True,14,3,30,70,-3110.91,-0.1495663632064402,0.22727272727272727,0.0,66,547.52,-255.71,0.0,-47.13499999999999,857,completed,,20.628211975097656,logs\backtest_results\EUR-USD_20251022_091144_739435,11,-0.1495663632064402,112
112,50,150,0.5,25,50,20,15,True,14,True,14,3,30,70,-3491.02,-0.153668087029698,0.22727272727272727,0.0,66,544.51,-255.72,0.0,-52.89424242424241,646,completed,,23.676746129989624,logs\backtest_results\EUR-USD_20251022_091356_301992,13,-0.153668087029698,113
111,50,150,0.0,25,50,20,15,True,14,True,14,3,30,70,-3582.6,-0.15647841529422968,0.22388059701492538,0.0,67,544.51,-255.72,0.0,-53.471641791044775,587,completed,,22.751057386398315,logs\backtest_results\EUR-USD_20251022_091335_806608,14,-0.15647841529422968,114
114,50,150,1.5,25,50,20,15,True,14,True,14,3,30,70,-3810.09,-0.17472036955662001,0.21666666666666667,0.0,60,544.51,-255.71,0.0,-63.501499999999965,912,completed,,23.66522979736328,logs\backtest_results\EUR-USD_20251022_091357_350367,11,-0.17472036955662001,115
113,50,150,1.0,25,50,20,15,True,14,True,14,3,30,70,-4041.48,-0.17664758331136857,0.20634920634920634,0.0,63,544.51,-255.71,0.0,-64.1504761904762,770,completed,,23.65276575088501,logs\backtest_results\EUR-USD_20251022_091357_161099,11,-0.17664758331136857,116
115,50,150,2.0,25,50,20,15,True,14,True,14,3,30,70,-6765.7,-0.43313215739097255,0.12727272727272726,0.0,55,498.81,-255.71,0.0,-123.01272727272726,1027,completed,,23.376744985580444,logs\backtest_results\EUR-USD_20251022_091357_184593,15,-0.43313215739097255,117
49,20,250,1.5,25,50,20,15,True,14,True,14,3,30,70,0.0,0.0,0.0,0.0,0,0.0,0.0,0.0,0.0,0,failed,"Traceback (most recent call last):
  File ""C:\nautilus0\backtest\run_backtest.py"", line 826, in <module>
    sys.exit(asyncio.run(main()))
             ~~~~~~~~~~~^^^^^^^^
  File ""C:\Users\nsher\AppData\Local\Programs\Python\Python313\Lib\asyncio\runners.py"", line 194, in run
    return runner.run(main)
           ~~~~~~~~~~^^^^^^
  File ""C:\Users\nsher\AppData\Local\Programs\Python\Python313\Lib\asyncio\runners.py"", line 118, in run
    return self._loop.run_until_complete(task)
           ~~~~~~~~~~~~~~~~~~~~~~~~~~~~~^^^^^^
  File ""C:\Users\nsher\AppData\Local\Programs\Python\Python313\Lib\asyncio\base_events.py"", line 720, in run_until_complete
    return future.result()
           ~~~~~~~~~~~~~^^
  File ""C:\nautilus0\backtest\run_backtest.py"", line 788, in main
    node.run()
    ~~~~~~~~^^
  File ""C:\Users\nsher\AppData\Local\Programs\Python\Python313\Lib\site-packages\nautilus_trader\backtest\node.py"", line 473, in run
    raise e
  File ""C:\Users\nsher\AppData\Local\Programs\Python\Python313\Lib\site-packages\nautilus_trader\backtest\node.py"", line 462, in run
    result = self._run(
        run_config_id=config.id,
    ...<4 lines>...
        end=config.end,
    )
  File ""C:\Users\nsher\AppData\Local\Programs\Python\Python313\Lib\site-packages\nautilus_trader\backtest\node.py"", line 501, in _run
    self._run_oneshot(
    ~~~~~~~~~~~~~~~~~^
        run_config_id=run_config_id,
        ^^^^^^^^^^^^^^^^^^^^^^^^^^^^
    ...<3 lines>...
        end=end,
        ^^^^^^^^
    )
    ^
  File ""C:\Users\nsher\AppData\Local\Programs\Python\Python313\Lib\site-packages\nautilus_trader\backtest\node.py"", line 601, in _run_oneshot
    result: CatalogDataResult = self.load_data_config(config, start, end)
                                ~~~~~~~~~~~~~~~~~~~~~^^^^^^^^^^^^^^^^^^^^
  File ""C:\Users\nsher\AppData\Local\Programs\Python\Python313\Lib\site-packages\nautilus_trader\backtest\node.py"", line 635, in load_data_config
    catalog.instruments(instrument_ids=used_instrument_ids)
    ~~~~~~~~~~~~~~~~~~~^^^^^^^^^^^^^^^^^^^^^^^^^^^^^^^^^^^^
  File ""C:\Users\nsher\AppData\Local\Programs\Python\Python313\Lib\site-packages\nautilus_trader\persistence\catalog\base.py"", line 74, in instruments
    return self._query_subclasses(
           ~~~~~~~~~~~~~~~~~~~~~~^
        base_cls=base_cls,
        ^^^^^^^^^^^^^^^^^^
        identifiers=instrument_ids,
        ^^^^^^^^^^^^^^^^^^^^^^^^^^^
        **kwargs,
        ^^^^^^^^^
    )
    ^
  File ""C:\Users\nsher\AppData\Local\Programs\Python\Python313\Lib\site-packages\nautilus_trader\persistence\catalog\parquet.py"", line 1451, in _query_subclasses
    raise e
  File ""C:\Users\nsher\AppData\Local\Programs\Python\Python313\Lib\site-packages\nautilus_trader\persistence\catalog\parquet.py"", line 1431, in _query_subclasses
    data_list = self.query(
        data_cls=cls,
    ...<3 lines>...
        **kwargs,
    )
  File ""C:\Users\nsher\AppData\Local\Programs\Python\Python313\Lib\site-packages\nautilus_trader\persistence\catalog\parquet.py"", line 1531, in query
    data = self._query_pyarrow(
        data_cls=data_cls,
    ...<5 lines>...
        **kwargs,
    )
  File ""C:\Users\nsher\AppData\Local\Programs\Python\Python313\Lib\site-packages\nautilus_trader\persistence\catalog\parquet.py"", line 1809, in _query_pyarrow
    dataset = pds.dataset(file_list, filesystem=self.fs)
  File ""C:\Users\nsher\AppData\Local\Programs\Python\Python313\Lib\site-packages\pyarrow\dataset.py"", line 793, in dataset
    return _filesystem_dataset(source, **kwargs)
  File ""C:\Users\nsher\AppData\Local\Programs\Python\Python313\Lib\site-packages\pyarrow\dataset.py"", line 482, in _filesystem_dataset
    return factory.finish(schema)
           ~~~~~~~~~~~~~~^^^^^^^^
  File ""pyarrow\\_dataset.pyx"", line 3196, in pyarrow._dataset.DatasetFactory.finish
  File ""pyarrow\\error.pxi"", line 155, in pyarrow.lib.pyarrow_internal_check_status
  File ""pyarrow\\error.pxi"", line 92, in pyarrow.lib.check_status
pyarrow.lib.ArrowInvalid: Error creating dataset. Could not read schema from 'C:/nautilus0/data/historical/data/currency_pair/EURUSD.IDEALPRO/1970-01-01T00-00-00-000000000Z_1970-01-01T00-00-00-000000000Z.parquet'. Is this a 'parquet' file?: Could not open Parquet input source 'C:/nautilus0/data/historical/data/currency_pair/EURUSD.IDEALPRO/1970-01-01T00-00-00-000000000Z_1970-01-01T00-00-00-000000000Z.parquet': Parquet file size is 4 bytes, smaller than the minimum file footer (8 bytes)",3.6305482387542725,,0,,
66,30,200,0.0,25,50,20,15,True,14,True,14,3,30,70,0.0,0.0,0.0,0.0,0,0.0,0.0,0.0,0.0,0,failed,,3.4588701725006104,,0,,
120,50,200,2.0,25,50,20,15,True,14,True,14,3,30,70,0.0,0.0,0.0,0.0,0,0.0,0.0,0.0,0.0,0,failed,,3.165864944458008,,0,,
